-0.002040361461559295
-0.0020399430063631763
0.027832738594374754
0.028198654179629367
0.04165165954226006
0.041609656362020596
0.016875542024127728
0.01687564555290958
0.016875542024127728
0.016875542024127728
0.016875542024127728
0.003913310870456065
0.003913310870456065
0.0038531043149891164
0.003852487333504733
3.51497047442672e-10
1.3788894445757772e-10
1.3630808109029417e-10
2.6219270970524577e-5
1.0305992929103325e-6
0.004779981745567679
0.0047336006651765876
0.001579627171456518
NaN
6.529734129073007e-5
6.925827823217925e-7
6.618661714793878e-7
0.018153051461740937
