dt \in {1e-1,1e-2,1e-3,1e-4}, n=500
1.8531738989589148
0.0002168492722428179
2.170122610947492e-8
2.170138736033012e-12

n \in {100,1000,10000}, dt=1e-2
0.13239340175055217
0.39718020525165526
0.6354883284025408
NaN
NaN
NaN
NaN
NaN
NaN
0.005095251663494174
0.003913412066747762
0.026130030392305246
0.022322759000845217
0.0867982755187972
0.03918418814591591
0.0006505478167284174
0.017934867413150177
0.0036262108389757486
0.13804698974818702
0.002932960716581585
0.029789509301757416
0.00639027694324497
0.043840591000534015
0.042236748651416474
0.013547594710854448
0.029335785638782457
0.07665181081747707
0.039743514880941674
0.039740470432369536
0.08029442027140193
0.10566509665905946
0.0777072371425458
0.0026087891301297774
0.07818601587494851
0.06964658802461281
0.001768134356190713
0.06964658802461281
